material_id: mp-1077107
band_gap: 1.271199999999999
efermi: 0.36453056
dos_magnetic_ordering: NM
dos_total_task_id: mp-2286159
dos_total_band_gap: 1.2366
dos_total_cbm: 1.5593
dos_total_vbm: 0.32270000000000004
dos_total_efermi: 0.30925315000000003
bs_setyawan_curtarolo_task_id: mp-1589909
bs_setyawan_curtarolo_band_gap: 1.271199999999999
bs_setyawan_curtarolo_cbm: {'band_index': {'1': [27]}, 'kpoint_index': [0, 57, 58], 'kpoint': <pymatgen.electronic_structure.bandstructure.Kpoint object at 0x7fc699d63930>, 'energy': 1.5699, 'projections': {'1': [[0.013000000000000001, 0.013000000000000001, 0.013000000000000001, 0.0149, 0.0149, 0.0149], [0.0, 0.0004, 0.0004, 0.0, 0.1009, 0.1009], [0.0, 0.0, 0.0, 0.0, 0.0, 0.0], [0.0005, 0.0001, 0.0001, 0.1346, 0.033600000000000005, 0.033600000000000005], [0.0, 0.0066, 0.0066, 0.0, 0.0, 0.0], [0.06520000000000001, 0.016300000000000002, 0.016300000000000002, 0.0, 0.0, 0.0], [0.0201, 0.0201, 0.0201, 0.0, 0.0, 0.0], [0.0, 0.0489, 0.0489, 0.0, 0.0, 0.0], [0.0088, 0.0022, 0.0022, 0.0, 0.0, 0.0]]}}
bs_setyawan_curtarolo_vbm: {'band_index': {'1': [26]}, 'kpoint_index': ['74'], 'kpoint': <pymatgen.electronic_structure.bandstructure.Kpoint object at 0x7fc5d4b59e80>, 'energy': 0.2987, 'projections': {'1': [[0.020200000000000003, 0.020200000000000003, 0.006, 0.0002, 0.0002, 0.0015], [0.0006000000000000001, 0.00030000000000000003, 0.001, 0.1807, 0.0838, 0.0844], [0.0004, 0.0004, 0.0, 0.035300000000000005, 0.035300000000000005, 0.0071], [0.0005, 0.0008, 0.0008, 0.0105, 0.1072, 0.0603], [0.009300000000000001, 0.0031000000000000003, 0.006, 0.0, 0.0, 0.0], [0.0198, 0.0009000000000000001, 0.0114, 0.0, 0.0, 0.0], [0.018000000000000002, 0.018000000000000002, 0.0018000000000000002, 0.0, 0.0, 0.0], [0.0031000000000000003, 0.022, 0.0088, 0.0, 0.0, 0.0], [0.0001, 0.0063, 0.0175, 0.0, 0.0, 0.0]]}}
bs_setyawan_curtarolo_efermi: 0.36453056
bs_hinuma_task_id: mp-2088609
bs_hinuma_band_gap: 1.271199999999999
bs_hinuma_cbm: {'band_index': {'1': [27]}, 'kpoint_index': [0, 57, 58], 'kpoint': <pymatgen.electronic_structure.bandstructure.Kpoint object at 0x7fc5d4b5a3c0>, 'energy': 1.5699, 'projections': {'1': [[0.013000000000000001, 0.013000000000000001, 0.013000000000000001, 0.0149, 0.0149, 0.0149], [0.0, 0.0004, 0.0004, 0.0, 0.1009, 0.1009], [0.0, 0.0, 0.0, 0.0, 0.0, 0.0], [0.0005, 0.0001, 0.0001, 0.1346, 0.033600000000000005, 0.033600000000000005], [0.0, 0.0066, 0.0066, 0.0, 0.0, 0.0], [0.06520000000000001, 0.016300000000000002, 0.016300000000000002, 0.0, 0.0, 0.0], [0.0201, 0.0201, 0.0201, 0.0, 0.0, 0.0], [0.0, 0.0489, 0.0489, 0.0, 0.0, 0.0], [0.0088, 0.0022, 0.0022, 0.0, 0.0, 0.0]]}}
bs_hinuma_vbm: {'band_index': {'1': [26]}, 'kpoint_index': ['74'], 'kpoint': <pymatgen.electronic_structure.bandstructure.Kpoint object at 0x7fc5d4b59d30>, 'energy': 0.2987, 'projections': {'1': [[0.020200000000000003, 0.020200000000000003, 0.006, 0.0002, 0.0002, 0.0015], [0.0006000000000000001, 0.00030000000000000003, 0.001, 0.1807, 0.0838, 0.0844], [0.0004, 0.0004, 0.0, 0.035300000000000005, 0.035300000000000005, 0.0071], [0.0005, 0.0008, 0.0008, 0.0105, 0.1072, 0.0603], [0.009300000000000001, 0.0031000000000000003, 0.006, 0.0, 0.0, 0.0], [0.0198, 0.0009000000000000001, 0.0114, 0.0, 0.0, 0.0], [0.018000000000000002, 0.018000000000000002, 0.0018000000000000002, 0.0, 0.0, 0.0], [0.0031000000000000003, 0.022, 0.0088, 0.0, 0.0, 0.0], [0.0001, 0.0063, 0.0175, 0.0, 0.0, 0.0]]}}
bs_hinuma_efermi: 0.36235889
bs_latimer_munro_task_id: mp-2449657
bs_latimer_munro_band_gap: 1.271199999999999
bs_latimer_munro_cbm: {'band_index': {'1': [27]}, 'kpoint_index': [34, 35, 57, 122, 123], 'kpoint': <pymatgen.electronic_structure.bandstructure.Kpoint object at 0x7fc5d4b59c50>, 'energy': 1.5699, 'projections': {'1': [[0.013000000000000001, 0.013000000000000001, 0.013000000000000001, 0.0149, 0.0149, 0.0149], [0.0, 0.0004, 0.0004, 0.0, 0.1009, 0.1009], [0.0, 0.0, 0.0, 0.0, 0.0, 0.0], [0.0005, 0.0001, 0.0001, 0.1346, 0.033600000000000005, 0.033600000000000005], [0.0, 0.0066, 0.0066, 0.0, 0.0, 0.0], [0.06520000000000001, 0.016300000000000002, 0.016300000000000002, 0.0, 0.0, 0.0], [0.0201, 0.0201, 0.0201, 0.0, 0.0, 0.0], [0.0, 0.0489, 0.0489, 0.0, 0.0, 0.0], [0.0088, 0.0022, 0.0022, 0.0, 0.0, 0.0]]}}
bs_latimer_munro_vbm: {'band_index': {'1': [26]}, 'kpoint_index': ['166'], 'kpoint': <pymatgen.electronic_structure.bandstructure.Kpoint object at 0x7fc5d4b5a350>, 'energy': 0.2987, 'projections': {'1': [[0.020200000000000003, 0.006, 0.020200000000000003, 0.0002, 0.0015, 0.0002], [0.0006000000000000001, 0.001, 0.00030000000000000003, 0.1807, 0.0844, 0.0838], [0.0004, 0.0, 0.0004, 0.035300000000000005, 0.0071, 0.035300000000000005], [0.0005, 0.0008, 0.0008, 0.0105, 0.0603, 0.1072], [0.009300000000000001, 0.006, 0.0031000000000000003, 0.0, 0.0, 0.0], [0.0198, 0.0114, 0.0009000000000000001, 0.0, 0.0, 0.0], [0.018000000000000002, 0.0018000000000000002, 0.018000000000000002, 0.0, 0.0, 0.0], [0.0031000000000000003, 0.0088, 0.022, 0.0, 0.0, 0.0], [0.0001, 0.0175, 0.0063, 0.0, 0.0, 0.0]]}}
bs_latimer_munro_efermi: 0.39030197