material_id: mp-1221565
band_gap: 0.0054
efermi: 4.5684329
dos_magnetic_ordering: FM
dos_total_task_id: mp-1758291
dos_total_band_gap: 0.0
dos_total_cbm: 4.5548
dos_total_vbm: 4.6058
dos_total_efermi: 4.55962411
bs_setyawan_curtarolo_task_id: mp-1627922
bs_setyawan_curtarolo_band_gap: 0.0054
bs_setyawan_curtarolo_cbm: {'band_index': {'-1': [25], '1': []}, 'kpoint_index': ['540'], 'kpoint': <pymatgen.electronic_structure.bandstructure.Kpoint object at 0x7fc699d63930>, 'energy': 4.573, 'projections': {'-1': [[0.002, 0.0, 0.0103, 0.0, 0.0], [0.0007, 0.025400000000000002, 0.0033, 0.0022, 0.0001], [0.0, 0.0323, 0.0, 0.0071, 0.0071], [0.0007, 0.025400000000000002, 0.0033, 0.0001, 0.0022], [0.1058, 0.0, 0.001, 0.0039000000000000003, 0.0039000000000000003], [0.126, 0.0, 0.031900000000000005, 0.0037, 0.0012000000000000001], [0.0099, 0.0, 0.028, 0.0002, 0.0002], [0.12610000000000002, 0.0, 0.031900000000000005, 0.0012000000000000001, 0.0037], [0.0, 0.0004, 0.0, 0.0011, 0.0011]]}}
bs_setyawan_curtarolo_vbm: {'band_index': {'1': [29], '-1': []}, 'kpoint_index': ['34'], 'kpoint': <pymatgen.electronic_structure.bandstructure.Kpoint object at 0x7fc5d4b5a3c0>, 'energy': 4.5676, 'projections': {'1': [[0.0, 0.0449, 0.0, 0.0, 0.0], [0.0047, 0.0005, 0.0018000000000000002, 0.07740000000000001, 0.0825], [0.0, 0.0, 0.0, 0.0233, 0.0233], [0.0047, 0.0005, 0.0018000000000000002, 0.0825, 0.07740000000000001], [0.012400000000000001, 0.001, 0.0089, 0.0001, 0.0001], [0.08700000000000001, 0.0, 0.053700000000000005, 0.0001, 0.0002], [0.0329, 0.0, 0.02, 0.0, 0.0], [0.08700000000000001, 0.0, 0.053700000000000005, 0.0002, 0.0001], [0.0, 0.0, 0.0, 0.0, 0.0]]}}
bs_setyawan_curtarolo_efermi: 4.5684329
bs_hinuma_task_id: mp-2154581
bs_hinuma_band_gap: 0.0054
bs_hinuma_cbm: {'band_index': {'-1': [25], '1': []}, 'kpoint_index': ['524'], 'kpoint': <pymatgen.electronic_structure.bandstructure.Kpoint object at 0x7fc5d4b5a350>, 'energy': 4.573, 'projections': {'-1': [[0.002, 0.0, 0.0103, 0.0, 0.0], [0.0007, 0.025400000000000002, 0.0033, 0.0022, 0.0001], [0.0, 0.0323, 0.0, 0.0071, 0.0071], [0.0007, 0.025400000000000002, 0.0033, 0.0001, 0.0022], [0.1058, 0.0, 0.001, 0.0039000000000000003, 0.0039000000000000003], [0.12610000000000002, 0.0, 0.031900000000000005, 0.0037, 0.0012000000000000001], [0.0099, 0.0, 0.028, 0.0002, 0.0002], [0.126, 0.0, 0.031900000000000005, 0.0012000000000000001, 0.0037], [0.0, 0.0004, 0.0, 0.0011, 0.0011]]}}
bs_hinuma_vbm: {'band_index': {'1': [29], '-1': []}, 'kpoint_index': ['34'], 'kpoint': <pymatgen.electronic_structure.bandstructure.Kpoint object at 0x7fc5d4b59be0>, 'energy': 4.5676, 'projections': {'1': [[0.0, 0.0449, 0.0, 0.0, 0.0], [0.0047, 0.0005, 0.0018000000000000002, 0.07740000000000001, 0.0825], [0.0, 0.0, 0.0, 0.0233, 0.0233], [0.0047, 0.0005, 0.0018000000000000002, 0.0825, 0.07740000000000001], [0.012400000000000001, 0.001, 0.0089, 0.0001, 0.0001], [0.08700000000000001, 0.0, 0.053700000000000005, 0.0001, 0.0002], [0.0329, 0.0, 0.02, 0.0, 0.0], [0.08700000000000001, 0.0, 0.053700000000000005, 0.0002, 0.0001], [0.0, 0.0, 0.0, 0.0, 0.0]]}}
bs_hinuma_efermi: 4.56843298
bs_latimer_munro_task_id: mp-2309923
bs_latimer_munro_band_gap: 0.0054
bs_latimer_munro_cbm: {'band_index': {'-1': [25], '1': []}, 'kpoint_index': ['264'], 'kpoint': <pymatgen.electronic_structure.bandstructure.Kpoint object at 0x7fc5d4b5a190>, 'energy': 4.573, 'projections': {'-1': [[0.002, 0.0, 0.0103, 0.0, 0.0], [0.0007, 0.025400000000000002, 0.0033, 0.0022, 0.0001], [0.0, 0.0323, 0.0, 0.0071, 0.0071], [0.0007, 0.025400000000000002, 0.0033, 0.0001, 0.0022], [0.1058, 0.0, 0.001, 0.0039000000000000003, 0.0039000000000000003], [0.126, 0.0, 0.031900000000000005, 0.0037, 0.0012000000000000001], [0.0099, 0.0, 0.028, 0.0002, 0.0002], [0.126, 0.0, 0.031900000000000005, 0.0012000000000000001, 0.0037], [0.0, 0.0004, 0.0, 0.0011, 0.0011]]}}
bs_latimer_munro_vbm: {'band_index': {'1': [29], '-1': []}, 'kpoint_index': ['1208'], 'kpoint': <pymatgen.electronic_structure.bandstructure.Kpoint object at 0x7fc5d4b59e80>, 'energy': 4.5676, 'projections': {'1': [[0.0, 0.0449, 0.0, 0.0, 0.0], [0.0047, 0.0005, 0.0018000000000000002, 0.07740000000000001, 0.0825], [0.0, 0.0, 0.0, 0.0233, 0.0233], [0.0047, 0.0005, 0.0018000000000000002, 0.0825, 0.07740000000000001], [0.012400000000000001, 0.001, 0.0089, 0.0001, 0.0001], [0.08700000000000001, 0.0, 0.053700000000000005, 0.0001, 0.0002], [0.0329, 0.0, 0.02, 0.0, 0.0], [0.08700000000000001, 0.0, 0.053700000000000005, 0.0002, 0.0001], [0.0, 0.0, 0.0, 0.0, 0.0]]}}
bs_latimer_munro_efermi: 4.56941357