material_id: mp-22009
band_gap: 1.299499999999999
efermi: 0.08625033
dos_magnetic_ordering: NM
dos_total_task_id: mp-2246564
dos_total_band_gap: 1.2943
dos_total_cbm: 1.2525
dos_total_vbm: -0.041800000000000004
dos_total_efermi: -0.04166632
bs_setyawan_curtarolo_task_id: mp-1588437
bs_setyawan_curtarolo_band_gap: 1.299499999999999
bs_setyawan_curtarolo_cbm: {'band_index': {'1': [20]}, 'kpoint_index': ['144'], 'kpoint': <pymatgen.electronic_structure.bandstructure.Kpoint object at 0x7fc699d63930>, 'energy': 1.2503, 'projections': {'1': [[0.00030000000000000003, 0.00030000000000000003, 0.038900000000000004, 0.038900000000000004], [0.0747, 0.0747, 0.0027, 0.0027], [0.0014, 0.0014, 0.0047, 0.0048000000000000004], [0.0756, 0.0756, 0.0038, 0.0039000000000000003], [0.0, 0.0, 0.0033, 0.0033], [0.0, 0.0, 0.0007, 0.0007], [0.00030000000000000003, 0.00030000000000000003, 0.0022, 0.0022], [0.0, 0.0, 0.0007, 0.0007], [0.0001, 0.0001, 0.0, 0.0]]}}
bs_setyawan_curtarolo_vbm: {'band_index': {'1': [19]}, 'kpoint_index': ['144'], 'kpoint': <pymatgen.electronic_structure.bandstructure.Kpoint object at 0x7fc5d4b5a190>, 'energy': -0.0492, 'projections': {'1': [[0.0813, 0.0813, 0.0001, 0.0001], [0.0011, 0.0011, 0.1027, 0.1027], [0.005, 0.005, 0.0022, 0.0022], [0.0016, 0.0016, 0.1077, 0.1077], [0.002, 0.002, 0.0, 0.0], [0.0006000000000000001, 0.0006000000000000001, 0.0002, 0.0002], [0.0032, 0.0032, 0.0001, 0.0001], [0.0007, 0.0007, 0.0002, 0.0002], [0.0, 0.0, 0.0, 0.0]]}}
bs_setyawan_curtarolo_efermi: 0.08625033
bs_hinuma_task_id: mp-2064695
bs_hinuma_band_gap: 1.299499999999999
bs_hinuma_cbm: {'band_index': {'1': [20]}, 'kpoint_index': ['119'], 'kpoint': <pymatgen.electronic_structure.bandstructure.Kpoint object at 0x7fc5d4b59e80>, 'energy': 1.2503, 'projections': {'1': [[0.00030000000000000003, 0.00030000000000000003, 0.038900000000000004, 0.038900000000000004], [0.0747, 0.0748, 0.0027, 0.0027], [0.0014, 0.0014, 0.0047, 0.0048000000000000004], [0.0756, 0.0756, 0.0038, 0.0039000000000000003], [0.0, 0.0, 0.0033, 0.0033], [0.0, 0.0, 0.0007, 0.0007], [0.00030000000000000003, 0.00030000000000000003, 0.0022, 0.0022], [0.0, 0.0, 0.0007, 0.0007], [0.0001, 0.0001, 0.0, 0.0]]}}
bs_hinuma_vbm: {'band_index': {'1': [19]}, 'kpoint_index': ['119'], 'kpoint': <pymatgen.electronic_structure.bandstructure.Kpoint object at 0x7fc5d4b59d30>, 'energy': -0.0492, 'projections': {'1': [[0.0813, 0.0813, 0.0001, 0.0001], [0.0011, 0.0011, 0.1027, 0.1027], [0.005, 0.005, 0.0022, 0.0022], [0.0016, 0.0016, 0.1077, 0.1077], [0.002, 0.002, 0.0, 0.0], [0.0006000000000000001, 0.0006000000000000001, 0.0002, 0.0002], [0.0032, 0.0032, 0.0001, 0.0001], [0.0007, 0.0007, 0.0002, 0.0002], [0.0, 0.0, 0.0, 0.0]]}}
bs_hinuma_efermi: 0.07880558
bs_latimer_munro_task_id: mp-2602915
bs_latimer_munro_band_gap: 1.299
bs_latimer_munro_cbm: {'band_index': {'1': [20]}, 'kpoint_index': ['373'], 'kpoint': <pymatgen.electronic_structure.bandstructure.Kpoint object at 0x7fc5d4b5a430>, 'energy': 1.2503, 'projections': {'1': [[0.00030000000000000003, 0.00030000000000000003, 0.038900000000000004, 0.038900000000000004], [0.0748, 0.0747, 0.0027, 0.0027], [0.0014, 0.0014, 0.0048000000000000004, 0.0047], [0.0756, 0.0756, 0.0039000000000000003, 0.0038], [0.0, 0.0, 0.0033, 0.0033], [0.0, 0.0, 0.0007, 0.0007], [0.00030000000000000003, 0.00030000000000000003, 0.0022, 0.0022], [0.0, 0.0, 0.0007, 0.0007], [0.0001, 0.0001, 0.0, 0.0]]}}
bs_latimer_munro_vbm: {'band_index': {'1': [19]}, 'kpoint_index': ['104'], 'kpoint': <pymatgen.electronic_structure.bandstructure.Kpoint object at 0x7fc5d4b5a3c0>, 'energy': -0.0487, 'projections': {'1': [[0.0795, 0.0795, 0.0007, 0.0007], [0.00030000000000000003, 0.00030000000000000003, 0.10590000000000001, 0.10590000000000001], [0.0046, 0.0046, 0.0022, 0.0022], [0.0008, 0.0008, 0.11080000000000001, 0.11080000000000001], [0.0019, 0.0019, 0.0, 0.0], [0.0006000000000000001, 0.0006000000000000001, 0.0001, 0.0001], [0.003, 0.003, 0.0, 0.0], [0.0007, 0.0007, 0.0001, 0.0001], [0.0, 0.0, 0.0, 0.0]]}}
bs_latimer_munro_efermi: 0.07225122