material_id: mp-756043
band_gap: 0.776799999999999
efermi: 0.95568118
dos_magnetic_ordering: FiM
dos_total_task_id: mp-1731194
dos_total_band_gap: 0.7803
dos_total_cbm: 1.53
dos_total_vbm: 0.7497
dos_total_efermi: 0.72913295
bs_setyawan_curtarolo_task_id: mp-1586887
bs_setyawan_curtarolo_band_gap: 0.776799999999999
bs_setyawan_curtarolo_cbm: {'band_index': {'1': [55], '-1': []}, 'kpoint_index': [0, 53, 54], 'kpoint': <pymatgen.electronic_structure.bandstructure.Kpoint object at 0x7fc699d63930>, 'energy': 1.5307, 'projections': {'1': [[0.0068000000000000005, 0.0068000000000000005, 0.0068000000000000005, 0.0081, 0.0001, 0.0015, 0.0015, 0.0015, 0.0015, 0.0015, 0.0001, 0.0015], [0.0, 0.0, 0.0, 0.0, 0.0, 0.006500000000000001, 0.0, 0.006500000000000001, 0.006500000000000001, 0.0, 0.0, 0.006500000000000001], [0.0, 0.0, 0.0, 0.0, 0.004200000000000001, 0.0012000000000000001, 0.0094, 0.0012000000000000001, 0.0012000000000000001, 0.0094, 0.004200000000000001, 0.0012000000000000001], [0.0, 0.0, 0.0, 0.0, 0.0333, 0.0018000000000000002, 0.0, 0.0018000000000000002, 0.0018000000000000002, 0.0, 0.0334, 0.0018000000000000002], [0.0011, 0.0, 0.0011, 0.0, 0.0, 0.0, 0.0, 0.0, 0.0, 0.0, 0.0, 0.0], [0.0316, 0.0, 0.0316, 0.0, 0.0, 0.0, 0.0, 0.0, 0.0, 0.0, 0.0, 0.0], [0.0004, 0.0118, 0.0004, 0.0659, 0.0, 0.0, 0.0, 0.0, 0.0, 0.0, 0.0, 0.0], [0.001, 0.030500000000000003, 0.001, 0.1752, 0.0, 0.0, 0.0, 0.0, 0.0, 0.0, 0.0, 0.0], [0.0145, 0.0063, 0.0145, 0.3512, 0.0, 0.0, 0.0, 0.0, 0.0, 0.0, 0.0, 0.0]]}}
bs_setyawan_curtarolo_vbm: {'band_index': {'1': [54], '-1': []}, 'kpoint_index': ['67'], 'kpoint': <pymatgen.electronic_structure.bandstructure.Kpoint object at 0x7fc5d4b59c50>, 'energy': 0.7539, 'projections': {'1': [[0.0018000000000000002, 0.0018000000000000002, 0.0, 0.0, 0.0002, 0.0006000000000000001, 0.0006000000000000001, 0.0001, 0.0001, 0.0006000000000000001, 0.0002, 0.0006000000000000001], [0.0027, 0.0011, 0.0013000000000000002, 0.0015, 0.0108, 0.056400000000000006, 0.0217, 0.032600000000000004, 0.032600000000000004, 0.0217, 0.0108, 0.056400000000000006], [0.0009000000000000001, 0.0037, 0.0011, 0.0013000000000000002, 0.0199, 0.007, 0.0545, 0.0217, 0.0217, 0.0545, 0.0199, 0.007], [0.0036000000000000003, 0.0024000000000000002, 0.0009000000000000001, 0.0012000000000000001, 0.047900000000000005, 0.0217, 0.0089, 0.005200000000000001, 0.005200000000000001, 0.0089, 0.047900000000000005, 0.0217], [0.0051, 0.0019, 0.0056, 0.016, 0.0, 0.0, 0.0, 0.0, 0.0, 0.0, 0.0, 0.0], [0.0073, 0.0, 0.0005, 0.015, 0.0, 0.0, 0.0, 0.0, 0.0, 0.0, 0.0, 0.0], [0.008400000000000001, 0.0213, 0.0145, 0.08070000000000001, 0.0, 0.0, 0.0, 0.0, 0.0, 0.0, 0.0, 0.0], [0.0017000000000000001, 0.0, 0.0038, 0.0006000000000000001, 0.0, 0.0, 0.0, 0.0, 0.0, 0.0, 0.0, 0.0], [0.0018000000000000002, 0.0011, 0.0001, 0.0119, 0.0, 0.0, 0.0, 0.0, 0.0, 0.0, 0.0, 0.0]]}}
bs_setyawan_curtarolo_efermi: 0.95568118
bs_hinuma_task_id: mp-2099079
bs_hinuma_band_gap: 0.776799999999999
bs_hinuma_cbm: {'band_index': {'1': [55], '-1': []}, 'kpoint_index': [0, 53, 54, 95], 'kpoint': <pymatgen.electronic_structure.bandstructure.Kpoint object at 0x7fc5d4b59e80>, 'energy': 1.5307, 'projections': {'1': [[0.0068000000000000005, 0.0068000000000000005, 0.0068000000000000005, 0.0081, 0.0001, 0.0015, 0.0015, 0.0015, 0.0015, 0.0015, 0.0001, 0.0015], [0.0, 0.0, 0.0, 0.0, 0.0, 0.006500000000000001, 0.0, 0.006500000000000001, 0.006500000000000001, 0.0, 0.0, 0.006500000000000001], [0.0, 0.0, 0.0, 0.0, 0.004200000000000001, 0.0012000000000000001, 0.0094, 0.0012000000000000001, 0.0012000000000000001, 0.0094, 0.004200000000000001, 0.0012000000000000001], [0.0, 0.0, 0.0, 0.0, 0.0333, 0.0018000000000000002, 0.0, 0.0018000000000000002, 0.0018000000000000002, 0.0, 0.0334, 0.0018000000000000002], [0.0011, 0.0, 0.0011, 0.0, 0.0, 0.0, 0.0, 0.0, 0.0, 0.0, 0.0, 0.0], [0.0316, 0.0, 0.0316, 0.0, 0.0, 0.0, 0.0, 0.0, 0.0, 0.0, 0.0, 0.0], [0.0004, 0.0118, 0.0004, 0.0659, 0.0, 0.0, 0.0, 0.0, 0.0, 0.0, 0.0, 0.0], [0.001, 0.030500000000000003, 0.001, 0.1752, 0.0, 0.0, 0.0, 0.0, 0.0, 0.0, 0.0, 0.0], [0.0145, 0.0063, 0.0145, 0.3512, 0.0, 0.0, 0.0, 0.0, 0.0, 0.0, 0.0, 0.0]]}}
bs_hinuma_vbm: {'band_index': {'1': [54], '-1': []}, 'kpoint_index': ['67'], 'kpoint': <pymatgen.electronic_structure.bandstructure.Kpoint object at 0x7fc5d4b59d30>, 'energy': 0.7539, 'projections': {'1': [[0.0018000000000000002, 0.0, 0.0018000000000000002, 0.0, 0.0002, 0.0006000000000000001, 0.0001, 0.0006000000000000001, 0.0006000000000000001, 0.0001, 0.0002, 0.0006000000000000001], [0.0004, 0.0, 0.0004, 0.0, 0.0001, 0.0086, 0.0064, 0.0086, 0.0086, 0.0064, 0.0001, 0.0086], [0.0006000000000000001, 0.0007, 0.0006000000000000001, 0.0007, 0.0008, 0.0247, 0.024200000000000003, 0.0247, 0.0247, 0.024200000000000003, 0.0008, 0.0247], [0.0063, 0.0026000000000000003, 0.0063, 0.0032, 0.0776, 0.0519, 0.029, 0.0519, 0.0519, 0.029, 0.0776, 0.0519], [0.0132, 0.022500000000000003, 0.0132, 0.06420000000000001, 0.0, 0.0, 0.0, 0.0, 0.0, 0.0, 0.0, 0.0], [0.008, 0.0019, 0.008, 0.06, 0.0, 0.0, 0.0, 0.0, 0.0, 0.0, 0.0, 0.0], [0.0009000000000000001, 0.0, 0.0009000000000000001, 0.0, 0.0, 0.0, 0.0, 0.0, 0.0, 0.0, 0.0, 0.0], [0.0, 0.0, 0.0, 0.0, 0.0, 0.0, 0.0, 0.0, 0.0, 0.0, 0.0, 0.0], [0.0022, 0.0, 0.0022, 0.0, 0.0, 0.0, 0.0, 0.0, 0.0, 0.0, 0.0, 0.0]]}}
bs_hinuma_efermi: 0.96993743
bs_latimer_munro_task_id: mp-2302289
bs_latimer_munro_band_gap: 0.776799999999999
bs_latimer_munro_cbm: {'band_index': {'1': [55], '-1': []}, 'kpoint_index': [17, 18, 73, 74, 92, 130, 178], 'kpoint': <pymatgen.electronic_structure.bandstructure.Kpoint object at 0x7fc5d4b5a200>, 'energy': 1.5307, 'projections': {'1': [[0.0068000000000000005, 0.0068000000000000005, 0.0068000000000000005, 0.0081, 0.0001, 0.0015, 0.0015, 0.0015, 0.0015, 0.0015, 0.0001, 0.0015], [0.0, 0.0, 0.0, 0.0, 0.0, 0.006500000000000001, 0.0, 0.006500000000000001, 0.006500000000000001, 0.0, 0.0, 0.006500000000000001], [0.0, 0.0, 0.0, 0.0, 0.004200000000000001, 0.0012000000000000001, 0.0095, 0.0012000000000000001, 0.0012000000000000001, 0.0095, 0.004200000000000001, 0.0012000000000000001], [0.0, 0.0, 0.0, 0.0, 0.0334, 0.0018000000000000002, 0.0, 0.0018000000000000002, 0.0018000000000000002, 0.0, 0.0333, 0.0018000000000000002], [0.0011, 0.0, 0.0011, 0.0, 0.0, 0.0, 0.0, 0.0, 0.0, 0.0, 0.0, 0.0], [0.0316, 0.0, 0.0316, 0.0, 0.0, 0.0, 0.0, 0.0, 0.0, 0.0, 0.0, 0.0], [0.0004, 0.0118, 0.0004, 0.066, 0.0, 0.0, 0.0, 0.0, 0.0, 0.0, 0.0, 0.0], [0.001, 0.030500000000000003, 0.001, 0.1752, 0.0, 0.0, 0.0, 0.0, 0.0, 0.0, 0.0, 0.0], [0.0145, 0.0063, 0.0145, 0.3511, 0.0, 0.0, 0.0, 0.0, 0.0, 0.0, 0.0, 0.0]]}}
bs_latimer_munro_vbm: {'band_index': {'1': [54], '-1': []}, 'kpoint_index': ['4'], 'kpoint': <pymatgen.electronic_structure.bandstructure.Kpoint object at 0x7fc5d4b5a430>, 'energy': 0.7539, 'projections': {'1': [[0.0, 0.0018000000000000002, 0.0018000000000000002, 0.0, 0.0002, 0.0001, 0.0006000000000000001, 0.0006000000000000001, 0.0006000000000000001, 0.0006000000000000001, 0.0002, 0.0001], [0.0013000000000000002, 0.0011, 0.0027, 0.0015, 0.0108, 0.032600000000000004, 0.0217, 0.056400000000000006, 0.056400000000000006, 0.0217, 0.0108, 0.032600000000000004], [0.0011, 0.0037, 0.0009000000000000001, 0.0013000000000000002, 0.0199, 0.0217, 0.0545, 0.007, 0.007, 0.0545, 0.0199, 0.0217], [0.0009000000000000001, 0.0024000000000000002, 0.0036000000000000003, 0.0012000000000000001, 0.047900000000000005, 0.005200000000000001, 0.0089, 0.0217, 0.0217, 0.0089, 0.047900000000000005, 0.005200000000000001], [0.0056, 0.0019, 0.0051, 0.016, 0.0, 0.0, 0.0, 0.0, 0.0, 0.0, 0.0, 0.0], [0.0005, 0.0, 0.0073, 0.015, 0.0, 0.0, 0.0, 0.0, 0.0, 0.0, 0.0, 0.0], [0.0145, 0.0213, 0.008400000000000001, 0.08070000000000001, 0.0, 0.0, 0.0, 0.0, 0.0, 0.0, 0.0, 0.0], [0.0038, 0.0, 0.0017000000000000001, 0.0006000000000000001, 0.0, 0.0, 0.0, 0.0, 0.0, 0.0, 0.0, 0.0], [0.0001, 0.0011, 0.0018000000000000002, 0.0119, 0.0, 0.0, 0.0, 0.0, 0.0, 0.0, 0.0, 0.0]]}}
bs_latimer_munro_efermi: 0.96966428